%YAML:1.0
cameraMatrix: !!opencv-matrix
   rows: 3
   cols: 3
   dt: d
   data: [ 7.6694326586520981e+02, 0., 3.3299879553810695e+02, 0.,
       7.6722731833191040e+02, 2.5917740874315928e+02, 0., 0., 1. ]
imageSize_width: 640
imageSize_height: 480
sensorSize_width: 0
sensorSize_height: 0
distCoeffs: !!opencv-matrix
   rows: 5
   cols: 1
   dt: d
   data: [ -1.3658037416858274e-01, -7.6705507019533506e-02,
       4.5089125102120552e-03, -1.7362530480891970e-04,
       1.5090172068101282e+00 ]
reprojectionError: 1.9090725481510162e-01
features:
   - { points:[ 5.3188665771484375e+02, 1.3081907653808594e+02,
       5.1375628662109375e+02, 1.6907777404785156e+02,
       4.9540783691406250e+02, 2.0751028442382812e+02,
       4.7664941406250000e+02, 2.4637477111816406e+02,
       4.5775625610351562e+02, 2.8540298461914062e+02,
       4.3863873291015625e+02, 3.2437606811523438e+02,
       4.1948397827148438e+02, 3.6338558959960938e+02,
       4.0029263305664062e+02, 4.0233685302734375e+02,
       4.9465155029296875e+02, 1.1097789764404297e+02,
       4.7627749633789062e+02, 1.4949411010742188e+02,
       4.5756530761718750e+02, 1.8798655700683594e+02,
       4.3861102294921875e+02, 2.2696920776367188e+02,
       4.1958767700195312e+02, 2.6629763793945312e+02,
       4.0038690185546875e+02, 3.0568927001953125e+02,
       3.8088497924804688e+02, 3.4479797363281250e+02,
       3.6149340820312500e+02, 3.8393222045898438e+02,
       4.5677914428710938e+02, 9.1113998413085938e+01,
       4.3834463500976562e+02, 1.2963043212890625e+02,
       4.1919165039062500e+02, 1.6850891113281250e+02,
       4.0021231079101562e+02, 2.0770019531250000e+02,
       3.8066525268554688e+02, 2.4698544311523438e+02,
       3.6139819335937500e+02, 2.8660400390625000e+02,
       3.4189001464843750e+02, 3.2604980468750000e+02,
       3.2234997558593750e+02, 3.6550942993164062e+02,
       4.1851483154296875e+02, 7.0803848266601562e+01,
       3.9957080078125000e+02, 1.0964347839355469e+02,
       3.8045681762695312e+02, 1.4862579345703125e+02,
       3.6097424316406250e+02, 1.8792335510253906e+02,
       3.4153381347656250e+02, 2.2752305603027344e+02,
       3.2188397216796875e+02, 2.6733245849609375e+02,
       3.0239065551757812e+02, 3.0684725952148438e+02,
       2.8260034179687500e+02, 3.4655038452148438e+02,
       3.7973147583007812e+02, 5.0954265594482422e+01,
       3.6058215332031250e+02, 8.9507705688476562e+01,
       3.4097167968750000e+02, 1.2874366760253906e+02,
       3.2151678466796875e+02, 1.6806727600097656e+02,
       3.0176104736328125e+02, 2.0781066894531250e+02,
       2.8224942016601562e+02, 2.4783966064453125e+02,
       2.6251629638671875e+02, 2.8761453247070312e+02,
       2.4294895935058594e+02, 3.2736669921875000e+02 ] }
   - { points:[ 5.0094223022460938e+02, 8.2921089172363281e+01,
       5.0016387939453125e+02, 1.2766943359375000e+02,
       4.9938497924804688e+02, 1.7375656127929688e+02,
       4.9829312133789062e+02, 2.2071575927734375e+02,
       4.9691708374023438e+02, 2.6861129760742188e+02,
       4.9546105957031250e+02, 3.1742938232421875e+02,
       4.9365502929687500e+02, 3.6669680786132812e+02,
       4.9174670410156250e+02, 4.1664718627929688e+02,
       4.5939453125000000e+02, 7.4921386718750000e+01,
       4.5814096069335938e+02, 1.2070729827880859e+02,
       4.5671536254882812e+02, 1.6756332397460938e+02,
       4.5532507324218750e+02, 2.1559156799316406e+02,
       4.5351736450195312e+02, 2.6452645874023438e+02,
       4.5153594970703125e+02, 3.1428305053710938e+02,
       4.4945797729492188e+02, 3.6463964843750000e+02,
       4.4726928710937500e+02, 4.1559460449218750e+02,
       4.1565362548828125e+02, 6.6722068786621094e+01,
       4.1390802001953125e+02, 1.1345749664306641e+02,
       4.1201840209960938e+02, 1.6125161743164062e+02,
       4.1010702514648438e+02, 2.1021817016601562e+02,
       4.0783316040039062e+02, 2.6006567382812500e+02,
       4.0551464843750000e+02, 3.1086993408203125e+02,
       4.0292871093750000e+02, 3.6232037353515625e+02,
       4.0036746215820312e+02, 4.1444128417968750e+02,
       3.7027642822265625e+02, 5.8441905975341797e+01,
       3.6778350830078125e+02, 1.0590412139892578e+02,
       3.6537368774414062e+02, 1.5457945251464844e+02,
       3.6275704956054688e+02, 2.0448812866210938e+02,
       3.6005426025390625e+02, 2.5548490905761719e+02,
       3.5741754150390625e+02, 3.0733422851562500e+02,
       3.5435247802734375e+02, 3.5988696289062500e+02,
       3.5144442749023438e+02, 4.1311990356445312e+02,
       3.2288757324218750e+02, 5.0019275665283203e+01,
       3.1999761962890625e+02, 9.8410842895507812e+01,
       3.1671600341796875e+02, 1.4798275756835938e+02,
       3.1368191528320312e+02, 1.9867916870117188e+02,
       3.1050064086914062e+02, 2.5061540222167969e+02,
       3.0724234008789062e+02, 3.0355047607421875e+02,
       3.0372421264648438e+02, 3.5718695068359375e+02,
       3.0040072631835938e+02, 4.1147268676757812e+02 ] }
   - { points:[ 4.9946417236328125e+02, 7.2637176513671875e+01,
       4.9153494262695312e+02, 1.2399215698242188e+02,
       4.8340570068359375e+02, 1.7586216735839844e+02,
       4.7507513427734375e+02, 2.2861698913574219e+02,
       4.6669250488281250e+02, 2.8159378051757812e+02,
       4.5809841918945312e+02, 3.3488305664062500e+02,
       4.4935375976562500e+02, 3.8836599731445312e+02,
       4.4062512207031250e+02, 4.4175701904296875e+02,
       4.4788095092773438e+02, 6.9162208557128906e+01,
       4.3985015869140625e+02, 1.1932810211181641e+02,
       4.3167117309570312e+02, 1.7015829467773438e+02,
       4.2342276000976562e+02, 2.2159144592285156e+02,
       4.1499255371093750e+02, 2.7349755859375000e+02,
       4.0643087768554688e+02, 3.2562185668945312e+02,
       3.9769577026367188e+02, 3.7785168457031250e+02,
       3.8911764526367188e+02, 4.3028012084960938e+02,
       3.9853799438476562e+02, 6.5940826416015625e+01,
       3.9037960815429688e+02, 1.1472198486328125e+02,
       3.8211657714843750e+02, 1.6458233642578125e+02,
       3.7358685302734375e+02, 2.1499327087402344e+02,
       3.6522711181640625e+02, 2.6567456054687500e+02,
       3.5663909912109375e+02, 3.1660015869140625e+02,
       3.4829483032226562e+02, 3.6768380737304688e+02,
       3.3984634399414062e+02, 4.1876406860351562e+02,
       3.5108349609375000e+02, 6.2674629211425781e+01,
       3.4273837280273438e+02, 1.1063531494140625e+02,
       3.3448721313476562e+02, 1.5940780639648438e+02,
       3.2611859130859375e+02, 2.0858354187011719e+02,
       3.1759359741210938e+02, 2.5827478027343750e+02,
       3.0936410522460938e+02, 3.0811669921875000e+02,
       3.0111035156250000e+02, 3.5794445800781250e+02,
       2.9290313720703125e+02, 4.0786489868164062e+02,
       3.0583343505859375e+02, 6.0152397155761719e+01,
       2.9750878906250000e+02, 1.0696398162841797e+02,
       2.8908358764648438e+02, 1.5453779602050781e+02,
       2.8061730957031250e+02, 2.0253114318847656e+02,
       2.7245797729492188e+02, 2.5096002197265625e+02,
       2.6428771972656250e+02, 2.9965563964843750e+02,
       2.5617721557617188e+02, 3.4855859375000000e+02,
       2.4818885803222656e+02, 3.9726119995117188e+02 ] }
   - { points:[ 5.4002618408203125e+02, 1.6467611694335938e+02,
       5.0076000976562500e+02, 1.9030892944335938e+02,
       4.6129650878906250e+02, 2.1584513854980469e+02,
       4.2151455688476562e+02, 2.4171707153320312e+02,
       3.8163677978515625e+02, 2.6767346191406250e+02,
       3.4168554687500000e+02, 2.9363021850585938e+02,
       3.0194580078125000e+02, 3.1954339599609375e+02,
       2.6248492431640625e+02, 3.4536224365234375e+02,
       5.1274993896484375e+02, 1.2722452545166016e+02,
       4.7390957641601562e+02, 1.5238101196289062e+02,
       4.3491915893554688e+02, 1.7780049133300781e+02,
       3.9551272583007812e+02, 2.0336100769042969e+02,
       3.5609771728515625e+02, 2.2882675170898438e+02,
       3.1656732177734375e+02, 2.5452850341796875e+02,
