%YAML:1.0
cameraMatrix: !!opencv-matrix
   rows: 3
   cols: 3
   dt: d
   data: [ 7.7286524365369132e+02, 0., 3.2876763204882337e+02, 0.,
       7.7287217676684145e+02, 2.2838517823296252e+02, 0., 0., 1. ]
imageSize_width: 640
imageSize_height: 480
sensorSize_width: 0
sensorSize_height: 0
distCoeffs: !!opencv-matrix
   rows: 5
   cols: 1
   dt: d
   data: [ -6.4097404807514677e-02, -5.7933310832136276e-01,
       -3.6192527088148396e-03, 4.5237532877686330e-04,
       3.3545732751862638e+00 ]
reprojectionError: 1.5890301764011383e-01
features:
   - { points:[ 3.6257736206054688e+02, 3.9678610229492188e+02,
       3.5459518432617188e+02, 3.6265585327148438e+02,
       3.4646310424804688e+02, 3.2891244506835938e+02,
       3.3862149047851562e+02, 2.9542678833007812e+02,
       3.3072857666015625e+02, 2.6257641601562500e+02,
       3.2326943969726562e+02, 2.3009413146972656e+02,
       3.1569354248046875e+02, 1.9809915161132812e+02,
       3.0838803100585938e+02, 1.6661267089843750e+02,
       3.9658578491210938e+02, 3.8878237915039062e+02,
       3.8831378173828125e+02, 3.5458374023437500e+02,
       3.7997671508789062e+02, 3.2052581787109375e+02,
       3.7172775268554688e+02, 2.8719619750976562e+02,
       3.6366296386718750e+02, 2.5409460449218750e+02,
       3.5566513061523438e+02, 2.2155996704101562e+02,
       3.4799755859375000e+02, 1.8951701354980469e+02,
       3.4037783813476562e+02, 1.5809259033203125e+02,
       4.3078018188476562e+02, 3.8082818603515625e+02,
       4.2240853881835938e+02, 3.4636712646484375e+02,
       4.1385073852539062e+02, 3.1247558593750000e+02,
       4.0526080322265625e+02, 2.7866561889648438e+02,
       3.9697467041015625e+02, 2.4557952880859375e+02,
       3.8873330688476562e+02, 2.1292912292480469e+02,
       3.8055377197265625e+02, 1.8078326416015625e+02,
       3.7266287231445312e+02, 1.4908119201660156e+02,
       4.6556042480468750e+02, 3.7265576171875000e+02,
       4.5661831665039062e+02, 3.3821649169921875e+02,
       4.4792279052734375e+02, 3.0410031127929688e+02,
       4.3901776123046875e+02, 2.7027984619140625e+02,
       4.3052438354492188e+02, 2.3689811706542969e+02,
       4.2196835327148438e+02, 2.0431541442871094e+02,
       4.1343917846679688e+02, 1.7206188964843750e+02,
       4.0517147827148438e+02, 1.4039460754394531e+02,
       5.0033273315429688e+02, 3.6428247070312500e+02,
       4.9131338500976562e+02, 3.2956616210937500e+02,
       4.8218957519531250e+02, 2.9546957397460938e+02,
       4.7320693969726562e+02, 2.6160345458984375e+02,
       4.6432156372070312e+02, 2.2824369812011719e+02,
       4.5549157714843750e+02, 1.9525340270996094e+02,
       4.4662432861328125e+02, 1.6332745361328125e+02,
       4.3784393310546875e+02, 1.3154606628417969e+02 ] }
   - { points:[ 3.9277847290039062e+02, 4.0195782470703125e+02,
       3.8326663208007812e+02, 3.6551116943359375e+02,
       3.7346051025390625e+02, 3.2938278198242188e+02,
       3.6392181396484375e+02, 2.9313580322265625e+02,
       3.5436993408203125e+02, 2.5720919799804688e+02,
       3.4493936157226562e+02, 2.2142610168457031e+02,
       3.3562884521484375e+02, 1.8612669372558594e+02,
       3.2647256469726562e+02, 1.5111016845703125e+02,
       4.2844985961914062e+02, 3.9417901611328125e+02,
       4.1846517944335938e+02, 3.5736056518554688e+02,
       4.0856423950195312e+02, 3.2044363403320312e+02,
       3.9861990356445312e+02, 2.8386648559570312e+02,
       3.8881231689453125e+02, 2.4747927856445312e+02,
       3.7934887695312500e+02, 2.1131605529785156e+02,
       3.6964602661132812e+02, 1.7537548828125000e+02,
       3.6008148193359375e+02, 1.3989959716796875e+02,
       4.6490005493164062e+02, 3.8632394409179688e+02,
       4.5483935546875000e+02, 3.4874710083007812e+02,
       4.4500238037109375e+02, 3.1147341918945312e+02,
       4.3474258422851562e+02, 2.7433950805664062e+02,
       4.2466955566406250e+02, 2.3730706787109375e+02,
       4.1463555908203125e+02, 2.0062098693847656e+02,
       4.0473165893554688e+02, 1.6445558166503906e+02,
       3.9479675292968750e+02, 1.2828297424316406e+02,
       5.0281869506835938e+02, 3.7769061279296875e+02,
       4.9247964477539062e+02, 3.3997509765625000e+02,
       4.8225097656250000e+02, 3.0203179931640625e+02,
       4.7173492431640625e+02, 2.6429006958007812e+02,
       4.6142834472656250e+02, 2.2689891052246094e+02,
       4.5096475219726562e+02, 1.8971583557128906e+02,
       4.4096942138671875e+02, 1.5300003051757812e+02,
       4.3056912231445312e+02, 1.1660664367675781e+02,
       5.4154089355468750e+02, 3.6926763916015625e+02,
       5.3090179443359375e+02, 3.3060974121093750e+02,
       5.2045397949218750e+02, 2.9237039184570312e+02,
       5.0989398193359375e+02, 2.5412553405761719e+02,
       4.9911215209960938e+02, 2.1624201965332031e+02,
       4.8851565551757812e+02, 1.7848623657226562e+02,
       4.7787533569335938e+02, 1.4145098876953125e+02,
       4.6721411132812500e+02, 1.0450714874267578e+02 ] }
   - { points:[ 1.3408062744140625e+02, 4.4109460449218750e+02,
       1.2763015747070312e+02, 4.0779699707031250e+02,
       1.2138009643554688e+02, 3.7545751953125000e+02,
       1.1529764556884766e+02, 3.4366015625000000e+02,
       1.0942546081542969e+02, 3.1293139648437500e+02,
       1.0377890777587891e+02, 2.8291256713867188e+02,
       9.8342918395996094e+01, 2.5367913818359375e+02,
       9.3130661010742188e+01, 2.2524517822265625e+02,
       1.6726640319824219e+02, 4.3410159301757812e+02,
       1.6047428894042969e+02, 4.0140628051757812e+02,
       1.5385649108886719e+02, 3.6966931152343750e+02,
       1.4748292541503906e+02, 3.3866278076171875e+02,
       1.4137046813964844e+02, 3.0841455078125000e+02,
       1.3539361572265625e+02, 2.7908438110351562e+02,
       1.2958312988281250e+02, 2.5032211303710938e+02,
       1.2413819885253906e+02, 2.2236798095703125e+02,
       1.9942742919921875e+02, 4.2709515380859375e+02,
       1.9229026794433594e+02, 3.9531976318359375e+02,
       1.8540074157714844e+02, 3.6428945922851562e+02,
       1.7872605895996094e+02, 3.3359695434570312e+02,
       1.7232209777832031e+02, 3.0420236206054688e+02,
       1.6588302612304688e+02, 2.7526083374023438e+02,
       1.5984184265136719e+02, 2.4712837219238281e+02,
       1.5388969421386719e+02, 2.1945585632324219e+02,
       2.3033934020996094e+02, 4.2047277832031250e+02,
       2.2307557678222656e+02, 3.8936053466796875e+02,
       2.1585176086425781e+02, 3.5867489624023438e+02,
       2.0881645202636719e+02, 3.2897952270507812e+02,
       2.0219500732421875e+02, 2.9998593139648438e+02,
       1.9557046508789062e+02, 2.7158505249023438e+02,
       1.8922792053222656e+02, 2.4383950805664062e+02,
       1.8289189147949219e+02, 2.1690859985351562e+02,
       2.6030130004882812e+02, 4.1412771606445312e+02,
       2.5260154724121094e+02, 3.8348657226562500e+02,
       2.4527958679199219e+02, 3.5354116821289062e+02,
       2.3810607910156250e+02, 3.2444000244140625e+02,
       2.3113647460937500e+02, 2.9576745605468750e+02,
       2.2427406311035156e+02, 2.6814434814453125e+02,
       2.1760145568847656e+02, 2.4095669555664062e+02,
       2.1073002624511719e+02, 2.1284011840820312e+02 ] }
   - { points:[ 1.6951237487792969e+02, 4.0363992309570312e+02,
       1.6580288696289062e+02, 3.7188708496093750e+02,
       1.6243640136718750e+02, 3.4026791381835938e+02,
       1.5878376770019531e+02, 3.0839340209960938e+02,
       1.5543399047851562e+02, 2.7678204345703125e+02,
       1.5212831115722656e+02, 2.4533976745605469e+02,
       1.4888348388671875e+02, 2.1418902587890625e+02,
       1.4571722412109375e+02, 1.8288401794433594e+02,
       2.0111738586425781e+02, 3.9875756835937500e+02,
       1.9747599792480469e+02, 3.6739370727539062e+02,
       1.9395437622070312e+02, 3.3616458129882812e+02,
       1.9047877502441406e+02, 3.0458148193359375e+02,
       1.8715983581542969e+02, 2.7337850952148438e+02,
       1.8359197998046875e+02, 2.4231718444824219e+02,
