%YAML:1.0
cameraMatrix: !!opencv-matrix
   rows: 3
   cols: 3
   dt: d
   data: [ 1.1161590787242305e+03, 0., 3.9138570346681178e+02, 0.,
       1.1233157701200294e+03, 5.6381585070993992e+02, 0., 0., 1. ]
imageSize_width: 800
imageSize_height: 600
sensorSize_width: 0
sensorSize_height: 0
distCoeffs: !!opencv-matrix
   rows: 5
   cols: 1
   dt: d
   data: [ 4.0160266711038839e-02, 1.8463685985951317e-01,
       1.1707873012872315e-02, -2.9215200782610365e-04,
       -5.5006798266469958e-01 ]
reprojectionError: 2.0250105857849121e-01
features:
   - { points:[ 400., 250., 460., 250., 520., 250., 580., 250., 430.,
       280., 490., 280., 550., 280., 610., 280., 400., 310., 460., 310.,
       520., 310., 580., 310., 430., 340., 490., 340., 550., 340., 610.,
       340., 400., 370., 460., 370., 520., 370., 580., 370. ] }
   - { points:[ 400., 250., 460., 250., 520., 250., 580., 250., 430.,
       280., 490., 280., 550., 280., 610., 280., 400., 310., 460., 310.,
       520., 310., 580., 310., 430., 340., 490., 340., 550., 340., 610.,
       340., 400., 370., 460., 370., 520., 370., 580., 370. ] }
   - { points:[ 400., 250., 460., 250., 520., 250., 580., 250., 430.,
       280., 490., 280., 550., 280., 610., 280., 400., 310., 460., 310.,
       520., 310., 580., 310., 430., 340., 490., 340., 550., 340., 610.,
       340., 400., 370., 460., 370., 520., 370., 580., 370. ] }
   - { points:[ 6.3186096191406250e+02, 1.0291215515136719e+02,
       6.3011999511718750e+02, 2.2229718017578125e+02,
       6.2846838378906250e+02, 3.4209927368164062e+02,
       6.2722760009765625e+02, 4.6293579101562500e+02,
       5.7521533203125000e+02, 1.7464739990234375e+02,
       5.7339685058593750e+02, 2.9061471557617188e+02,
       5.7173284912109375e+02, 4.0706274414062500e+02,
       5.7031756591796875e+02, 5.2512469482421875e+02,
       5.2367797851562500e+02, 1.2969015502929688e+02,
       5.2187310791015625e+02, 2.4223719787597656e+02,
       5.2002386474609375e+02, 3.5492752075195312e+02,
       5.1820416259765625e+02, 4.6856698608398438e+02,
       4.7336596679687500e+02, 1.9653659057617188e+02,
       4.7150207519531250e+02, 3.0594372558593750e+02,
       4.6949725341796875e+02, 4.1581213378906250e+02,
       4.6734371948242188e+02, 5.2720202636718750e+02,
       4.2746505737304688e+02, 1.5320420837402344e+02,
       4.2569702148437500e+02, 2.5966107177734375e+02,
       4.2366796875000000e+02, 3.6626824951171875e+02,
       4.2134820556640625e+02, 4.7382504272460938e+02 ] }
   - { points:[ 5.7237280273437500e+02, 1.9103063964843750e+02,
       5.6531988525390625e+02, 2.8914685058593750e+02,
       5.5830541992187500e+02, 3.8773339843750000e+02,
       5.5123651123046875e+02, 4.8728402709960938e+02,
       5.2352392578125000e+02, 2.3067684936523438e+02,
       5.1627050781250000e+02, 3.3030618286132812e+02,
       5.0893151855468750e+02, 4.3069107055664062e+02,
       5.0144927978515625e+02, 5.3226232910156250e+02,
       4.8061553955078125e+02, 1.7054972839355469e+02,
       4.7315731811523438e+02, 2.7144464111328125e+02,
       4.6558306884765625e+02, 3.7281872558593750e+02,
       4.5782376098632812e+02, 4.7519265747070312e+02,
       4.2884381103515625e+02, 2.1095782470703125e+02,
       4.2107507324218750e+02, 3.1351626586914062e+02,
       4.1307699584960938e+02, 4.1684210205078125e+02,
       4.0480255126953125e+02, 5.2139868164062500e+02,
       3.8318280029296875e+02, 1.4858326721191406e+02,
       3.7527532958984375e+02, 2.5260202026367188e+02,
       3.6708334350585938e+02, 3.5705929565429688e+02,
       3.5856134033203125e+02, 4.6253890991210938e+02 ] }
   - { points:[ 6.5070422363281250e+02, 1.6565028381347656e+02,
       6.2711102294921875e+02, 2.8526080322265625e+02,
       6.0621057128906250e+02, 3.9250430297851562e+02,
       5.8746960449218750e+02, 4.8953921508789062e+02,
       5.7911517333984375e+02, 2.2200404357910156e+02,
       5.6008953857421875e+02, 3.3532568359375000e+02,
       5.4307989501953125e+02, 4.3746112060546875e+02,
       5.2774597167968750e+02, 5.3021160888671875e+02,
       5.2848767089843750e+02, 1.5505796813964844e+02,
       5.1160147094726562e+02, 2.7511828613281250e+02,
       4.9655288696289062e+02, 3.8284292602539062e+02,
       4.8301327514648438e+02, 4.8032025146484375e+02,
       4.6048608398437500e+02, 2.1154208374023438e+02,
       4.4766809082031250e+02, 3.2542202758789062e+02,
       4.3615188598632812e+02, 4.2806674194335938e+02,
       4.2572656250000000e+02, 5.2127264404296875e+02,
       4.0643756103515625e+02, 1.4417794799804688e+02,
       3.9616934204101562e+02, 2.6489645385742188e+02,
       3.8694409179687500e+02, 3.7321154785156250e+02,
       3.7858813476562500e+02, 4.7121081542968750e+02 ] }
   - { points:[ 6.5128741455078125e+02, 1.6201692199707031e+02,
       6.2782714843750000e+02, 2.8307214355468750e+02,
       6.0705035400390625e+02, 3.9172497558593750e+02,
       5.8842864990234375e+02, 4.9015493774414062e+02,
       5.7987585449218750e+02, 2.1905349731445312e+02,
       5.6096020507812500e+02, 3.3382284545898438e+02,
       5.4405810546875000e+02, 4.3737127685546875e+02,
       5.2881640625000000e+02, 5.3153552246093750e+02,
       5.2928564453125000e+02, 1.5132365417480469e+02,
       5.1250036621093750e+02, 2.7288781738281250e+02,
       4.9754724121093750e+02, 3.8205242919921875e+02,
       4.8408923339843750e+02, 4.8095791625976562e+02,
       4.6140332031250000e+02, 2.0856735229492188e+02,
       4.4867169189453125e+02, 3.2393295288085938e+02,
       4.3722668457031250e+02, 4.2802447509765625e+02,
       4.2685336303710938e+02, 5.2267791748046875e+02,
       4.0735015869140625e+02, 1.4042625427246094e+02,
       3.9716903686523438e+02, 2.6270129394531250e+02,
       3.8800820922851562e+02, 3.7249530029296875e+02,
       3.7969531250000000e+02, 4.7195703125000000e+02 ] }
   - { points:[ 6.8122277832031250e+02, 2.0958218383789062e+02,
       6.5304956054687500e+02, 3.1820089721679688e+02,
       6.2651513671875000e+02, 4.2159173583984375e+02,
       6.0135711669921875e+02, 5.2047875976562500e+02,
       6.2025036621093750e+02, 2.5384501647949219e+02,
       5.9370501708984375e+02, 3.6151806640625000e+02,
       5.6858282470703125e+02, 4.6421652221679688e+02,
       5.4468505859375000e+02, 5.6257281494140625e+02,
       5.8568371582031250e+02, 1.8578930664062500e+02,
       5.5917663574218750e+02, 2.9821255493164062e+02,
       5.3414343261718750e+02, 4.0508813476562500e+02,
       5.1036175537109375e+02, 5.0718536376953125e+02,
       5.2274737548828125e+02, 2.3131071472167969e+02,
       4.9786938476562500e+02, 3.4279855346679688e+02,
       4.7426779174804688e+02, 4.4898751831054688e+02,
       4.5177148437500000e+02, 5.5055993652343750e+02,
       4.8420208740234375e+02, 1.6036343383789062e+02,
       4.5956298828125000e+02, 2.7699899291992188e+02,
       4.3622094726562500e+02, 3.8769238281250000e+02,
       4.1399038696289062e+02, 4.9328430175781250e+02 ] }
   - { points:[ 6.8115600585937500e+02, 2.0621923828125000e+02,
       6.5257873535156250e+02, 3.1492211914062500e+02,
       6.2568609619140625e+02, 4.1837124633789062e+02,
       6.0022009277343750e+02, 5.1729681396484375e+02,
       6.1984124755859375e+02, 2.5033712768554688e+02,
       5.9291693115234375e+02, 3.5807839965820312e+02,
       5.6746624755859375e+02, 4.6081411743164062e+02,
       5.4328643798828125e+02, 5.5919665527343750e+02,
       5.8535864257812500e+02, 1.8204104614257812e+02,
       5.5845379638671875e+02, 2.9454739379882812e+02,
       5.3307220458984375e+02, 4.0146801757812500e+02,
       5.0898953247070312e+02, 5.0358459472656250e+02,
       5.2211206054687500e+02, 2.2740652465820312e+02,
       4.9686682128906250e+02, 3.3895578002929688e+02,
       4.7294573974609375e+02, 4.4516717529296875e+02,
       4.5016967773437500e+02, 5.4674859619140625e+02,
       4.8367340087890625e+02, 1.5620161437988281e+02,
       4.5864984130859375e+02, 2.7291992187500000e+02,
