%YAML:1.0
cameraMatrix: !!opencv-matrix
   rows: 3
   cols: 3
   dt: d
   data: [ 1.0643861315822751e+03, 0., 4.3892028709585031e+02, 0.,
       1.0217463811510579e+03, 3.8166912486253784e+02, 0., 0., 1. ]
imageSize_width: 848
imageSize_height: 480
sensorSize_width: 0
sensorSize_height: 0
distCoeffs: !!opencv-matrix
   rows: 5
   cols: 1
   dt: d
   data: [ -1.1958606881986256e+00, 4.4606915734811459e+01,
       -2.6929957367808493e-02, 2.3496218049350769e-02,
       -7.1808135840432556e+02 ]
reprojectionError: 2.6266017556190491e-01
features:
   - { points:[ 400., 250., 460., 250., 520., 250., 580., 250., 430.,
       280., 490., 280., 550., 280., 610., 280., 400., 310., 460., 310.,
       520., 310., 580., 310., 430., 340., 490., 340., 550., 340., 610.,
       340., 400., 370., 460., 370., 520., 370., 580., 370. ] }
   - { points:[ 400., 250., 460., 250., 520., 250., 580., 250., 430.,
       280., 490., 280., 550., 280., 610., 280., 400., 310., 460., 310.,
       520., 310., 580., 310., 430., 340., 490., 340., 550., 340., 610.,
       340., 400., 370., 460., 370., 520., 370., 580., 370. ] }
   - { points:[ 400., 250., 460., 250., 520., 250., 580., 250., 430.,
       280., 490., 280., 550., 280., 610., 280., 400., 310., 460., 310.,
       520., 310., 580., 310., 430., 340., 490., 340., 550., 340., 610.,
       340., 400., 370., 460., 370., 520., 370., 580., 370. ] }
   - { points:[ 400., 250., 460., 250., 520., 250., 580., 250., 430.,
       280., 490., 280., 550., 280., 610., 280., 400., 310., 460., 310.,
       520., 310., 580., 310., 430., 340., 490., 340., 550., 340., 610.,
       340., 400., 370., 460., 370., 520., 370., 580., 370. ] }
   - { points:[ 400., 250., 460., 250., 520., 250., 580., 250., 430.,
       280., 490., 280., 550., 280., 610., 280., 400., 310., 460., 310.,
       520., 310., 580., 310., 430., 340., 490., 340., 550., 340., 610.,
       340., 400., 370., 460., 370., 520., 370., 580., 370. ] }
   - { points:[ 400., 250., 460., 250., 520., 250., 580., 250., 430.,
       280., 490., 280., 550., 280., 610., 280., 400., 310., 460., 310.,
       520., 310., 580., 310., 430., 340., 490., 340., 550., 340., 610.,
       340., 400., 370., 460., 370., 520., 370., 580., 370. ] }
