%YAML:1.0
cameraMatrix: !!opencv-matrix
   rows: 3
   cols: 3
   dt: d
   data: [ 1.2177841117449414e+03, 0., 3.8553454710734349e+02, 0.,
       1.2269487035573393e+03, 4.4449080859456518e+02, 0., 0., 1. ]
imageSize_width: 800
imageSize_height: 600
sensorSize_width: 0
sensorSize_height: 0
distCoeffs: !!opencv-matrix
   rows: 5
   cols: 1
   dt: d
   data: [ 1.5736910051982184e-01, 1.5415336621199194e-01,
       -3.6087014537261050e-03, -4.3374513486272763e-03,
       -5.6367453989049132e-01 ]
reprojectionError: 2.4752946197986603e-01
features:
   - { points:[ 400., 250., 460., 250., 520., 250., 580., 250., 430.,
       280., 490., 280., 550., 280., 610., 280., 400., 310., 460., 310.,
       520., 310., 580., 310., 430., 340., 490., 340., 550., 340., 610.,
       340., 400., 370., 460., 370., 520., 370., 580., 370. ] }
   - { points:[ 400., 250., 460., 250., 520., 250., 580., 250., 430.,
       280., 490., 280., 550., 280., 610., 280., 400., 310., 460., 310.,
       520., 310., 580., 310., 430., 340., 490., 340., 550., 340., 610.,
       340., 400., 370., 460., 370., 520., 370., 580., 370. ] }
   - { points:[ 400., 250., 460., 250., 520., 250., 580., 250., 430.,
       280., 490., 280., 550., 280., 610., 280., 400., 310., 460., 310.,
       520., 310., 580., 310., 430., 340., 490., 340., 550., 340., 610.,
       340., 400., 370., 460., 370., 520., 370., 580., 370. ] }
   - { points:[ 5.2849249267578125e+02, 2.4787252807617188e+02,
       5.3780285644531250e+02, 3.0728747558593750e+02,
       5.4748718261718750e+02, 3.6930438232421875e+02,
       5.5754669189453125e+02, 4.3488897705078125e+02,
       4.9604794311523438e+02, 2.7356057739257812e+02,
       5.0481579589843750e+02, 3.3435876464843750e+02,
       5.1391253662109375e+02, 3.9822036743164062e+02,
       5.2322039794921875e+02, 4.6618588256835938e+02,
       4.5439517211914062e+02, 2.4000048828125000e+02,
       4.6254138183593750e+02, 3.0005255126953125e+02,
       4.7070355224609375e+02, 3.6245614624023438e+02,
       4.7901290893554688e+02, 4.2854605102539062e+02,
       4.2026885986328125e+02, 2.6597555541992188e+02,
       4.2782669067382812e+02, 3.2746371459960938e+02,
       4.3519631958007812e+02, 3.9186431884765625e+02,
       4.4246017456054688e+02, 4.6057525634765625e+02,
       3.7748825073242188e+02, 2.3175907897949219e+02,
       3.8477441406250000e+02, 2.9280361938476562e+02,
       3.9155697631835938e+02, 3.5606625366210938e+02,
       3.9788333129882812e+02, 4.2292364501953125e+02 ] }
   - { points:[ 6.4507812500000000e+02, 1.5159812927246094e+02,
       6.4918774414062500e+02, 2.3912481689453125e+02,
       6.4971105957031250e+02, 3.3099893188476562e+02,
       6.4990362548828125e+02, 4.2206170654296875e+02,
       6.0373925781250000e+02, 1.9466386413574219e+02,
       6.0454364013671875e+02, 2.8646670532226562e+02,
       6.0489245605468750e+02, 3.7761703491210938e+02,
       6.0553320312500000e+02, 4.6745410156250000e+02,
       5.5834393310546875e+02, 1.5094720458984375e+02,
       5.5970855712890625e+02, 2.4208192443847656e+02,
       5.6031976318359375e+02, 3.3343865966796875e+02,
       5.6117675781250000e+02, 4.2324740600585938e+02,
       5.1508160400390625e+02, 1.9782308959960938e+02,
       5.1605902099609375e+02, 2.8941720581054688e+02,
       5.1715704345703125e+02, 3.7933374023437500e+02,
       5.1840710449218750e+02, 4.6807467651367188e+02,
       4.7053866577148438e+02, 1.5399237060546875e+02,
       4.7200088500976562e+02, 2.4542868041992188e+02,
       4.7337088012695312e+02, 3.3565783691406250e+02,
       4.7484896850585938e+02, 4.2436880493164062e+02 ] }
   - { points:[ 4.8233972167968750e+02, 1.8496351623535156e+02,
       4.8496951293945312e+02, 2.6448803710937500e+02,
       4.8774517822265625e+02, 3.4460137939453125e+02,
       4.9064663696289062e+02, 4.2568429565429688e+02,
       4.5261221313476562e+02, 2.1710923767089844e+02,
       4.5521871948242188e+02, 2.9848303222656250e+02,
       4.5793188476562500e+02, 3.8064648437500000e+02,
       4.6071890258789062e+02, 4.6400466918945312e+02,
       4.1905813598632812e+02, 1.6784062194824219e+02,
       4.2152828979492188e+02, 2.5066664123535156e+02,
       4.2406375122070312e+02, 3.3406549072265625e+02,
       4.2665350341796875e+02, 4.1849630737304688e+02,
       3.8655694580078125e+02, 2.0093873596191406e+02,
       3.8894644165039062e+02, 2.8578051757812500e+02,
       3.9134814453125000e+02, 3.7142306518554688e+02,
       3.9375112915039062e+02, 4.5835214233398438e+02,
       3.5015426635742188e+02, 1.4905744934082031e+02,
       3.5245471191406250e+02, 2.3557365417480469e+02,
       3.5470132446289062e+02, 3.2263372802734375e+02,
       3.5690145874023438e+02, 4.1076489257812500e+02 ] }
   - { points:[ 4.8940353393554688e+02, 1.8363255310058594e+02,
       4.9112881469726562e+02, 2.6356390380859375e+02,
       4.9300061035156250e+02, 3.4389553833007812e+02,
       4.9503067016601562e+02, 4.2500234985351562e+02,
       4.5939505004882812e+02, 2.1630369567871094e+02,
       4.6110336303710938e+02, 2.9801757812500000e+02,
       4.6292373657226562e+02, 3.8030554199218750e+02,
       4.6485733032226562e+02, 4.6359197998046875e+02,
       4.2646752929687500e+02, 1.6706851196289062e+02,
       4.2806314086914062e+02, 2.5036219787597656e+02,
       4.2971383666992188e+02, 3.3401821899414062e+02,
       4.3142773437500000e+02, 4.1846759033203125e+02,
       3.9373651123046875e+02, 2.0070111083984375e+02,
       3.9527053833007812e+02, 2.8594277954101562e+02,
       3.9680691528320312e+02, 3.7174172973632812e+02,
       3.9834951782226562e+02, 4.5858520507812500e+02,
       3.5795477294921875e+02, 1.4878829956054688e+02,
       3.5943667602539062e+02, 2.3584005737304688e+02,
       3.6085232543945312e+02, 3.2321569824218750e+02,
       3.6220571899414062e+02, 4.1139294433593750e+02 ] }
   - { points:[ 4.7039956665039062e+02, 2.2377018737792969e+02,
       4.6460806274414062e+02, 2.8910641479492188e+02,
       4.5882885742187500e+02, 3.5482858276367188e+02,
       4.5304547119140625e+02, 4.2111230468750000e+02,
       4.3473507690429688e+02, 2.5283821105957031e+02,
       4.2883786010742188e+02, 3.1838897705078125e+02,
       4.2291720581054688e+02, 3.8440896606445312e+02,
       4.1695394897460938e+02, 4.5108117675781250e+02,
       4.0490289306640625e+02, 2.1657170104980469e+02,
       3.9891030883789062e+02, 2.8201040649414062e+02,
       3.9287356567382812e+02, 3.4782800292968750e+02,
       3.8677523803710938e+02, 4.1420498657226562e+02,
       3.6901022338867188e+02, 2.4564501953125000e+02,
       3.6288015747070312e+02, 3.1132296752929688e+02,
       3.5666824340820312e+02, 3.7746539306640625e+02,
       3.5035742187500000e+02, 4.4425732421875000e+02,
       3.3910064697265625e+02, 2.0924711608886719e+02,
       3.3290060424804688e+02, 2.7484454345703125e+02,
       3.2659832763671875e+02, 3.4081631469726562e+02,
       3.2017651367187500e+02, 4.0734210205078125e+02 ] }
   - { points:[ 4.6913900756835938e+02, 2.2325538635253906e+02,
       4.6377966308593750e+02, 2.8898516845703125e+02,
       4.5844277954101562e+02, 3.5494982910156250e+02,
       4.5311441040039062e+02, 4.2131997680664062e+02,
       4.3364807128906250e+02, 2.5287295532226562e+02,
       4.2822534179687500e+02, 3.1874337768554688e+02,
       4.2279101562500000e+02, 3.8492904663085938e+02,
       4.1732830810546875e+02, 4.5160852050781250e+02,
       4.0352600097656250e+02, 2.1672273254394531e+02,
       3.9804046630859375e+02, 2.8255691528320312e+02,
       3.9252209472656250e+02, 3.4861865234375000e+02,
       3.8695550537109375e+02, 4.1508316040039062e+02,
       3.6785131835937500e+02, 2.4634341430664062e+02,
       3.6227203369140625e+02, 3.1234255981445312e+02,
       3.5662368774414062e+02, 3.7865219116210938e+02,
       3.5089099121093750e+02, 4.4545260620117188e+02,
       3.3762039184570312e+02, 2.1005841064453125e+02,
       3.3200360107421875e+02, 2.7605242919921875e+02,
