%YAML:1.0
cameraMatrix: !!opencv-matrix
   rows: 3
   cols: 3
   dt: d
   data: [ 7.7497322746013879e+02, 0., 3.3671623848996865e+02, 0.,
       7.7440533360831159e+02, 2.4987502527988670e+02, 0., 0., 1. ]
imageSize_width: 640
imageSize_height: 480
sensorSize_width: 0
sensorSize_height: 0
distCoeffs: !!opencv-matrix
   rows: 5
   cols: 1
   dt: d
   data: [ -1.0141378897924246e-01, -1.2081774018589461e-01,
       -5.6633753881461769e-04, 4.6154526002218835e-04,
       2.0522260537225923e+00 ]
reprojectionError: 1.0690066963434219e-01
features:
   - { points:[ 2.9679138183593750e+02, 3.0608715820312500e+02,
       2.6971102905273438e+02, 3.0765097045898438e+02,
       2.4218287658691406e+02, 3.0944799804687500e+02,
       2.1397515869140625e+02, 3.1131546020507812e+02,
       1.8550776672363281e+02, 3.1301614379882812e+02,
       1.5646998596191406e+02, 3.1468325805664062e+02,
       1.2693347930908203e+02, 3.1663186645507812e+02,
       9.6880195617675781e+01, 3.1849514770507812e+02,
       2.9322177124023438e+02, 2.8053744506835938e+02,
       2.6649969482421875e+02, 2.8210983276367188e+02,
       2.3934558105468750e+02, 2.8344354248046875e+02,
       2.1147204589843750e+02, 2.8497573852539062e+02,
       1.8329251098632812e+02, 2.8647515869140625e+02,
       1.5460449218750000e+02, 2.8811380004882812e+02,
       1.2554260253906250e+02, 2.8953030395507812e+02,
       9.5833572387695312e+01, 2.9118453979492188e+02,
       2.8970349121093750e+02, 2.5564356994628906e+02,
       2.6330764770507812e+02, 2.5673202514648438e+02,
       2.3641316223144531e+02, 2.5814578247070312e+02,
       2.0908047485351562e+02, 2.5931158447265625e+02,
       1.8121557617187500e+02, 2.6054745483398438e+02,
       1.5303031921386719e+02, 2.6179367065429688e+02,
       1.2421400451660156e+02, 2.6309234619140625e+02,
       9.4891990661621094e+01, 2.6457305908203125e+02,
       2.8638424682617188e+02, 2.3136849975585938e+02,
       2.6032928466796875e+02, 2.3232913208007812e+02,
       2.3357252502441406e+02, 2.3336782836914062e+02,
       2.0654127502441406e+02, 2.3434556579589844e+02,
       1.7922787475585938e+02, 2.3538554382324219e+02,
       1.5132829284667969e+02, 2.3645184326171875e+02,
       1.2305480957031250e+02, 2.3760662841796875e+02,
       9.4090957641601562e+01, 2.3874731445312500e+02,
       2.8305511474609375e+02, 2.0782038879394531e+02,
       2.5720007324218750e+02, 2.0853556823730469e+02,
       2.3103753662109375e+02, 2.0926676940917969e+02,
       2.0430401611328125e+02, 2.1020008850097656e+02,
       1.7722567749023438e+02, 2.1096585083007812e+02,
       1.4957972717285156e+02, 2.1181939697265625e+02,
       1.2158959960937500e+02, 2.1279986572265625e+02,
       9.3258308410644531e+01, 2.1371846008300781e+02 ] }
   - { points:[ 4.0171908569335938e+02, 3.1366488647460938e+02,
       3.6635208129882812e+02, 3.1492526245117188e+02,
       3.3023956298828125e+02, 3.1633139038085938e+02,
       2.9299713134765625e+02, 3.1756893920898438e+02,
       2.5497764587402344e+02, 3.1892034912109375e+02,
       2.1610771179199219e+02, 3.2040319824218750e+02,
       1.7649909973144531e+02, 3.2168774414062500e+02,
       1.3599981689453125e+02, 3.2324029541015625e+02,
       3.9430520629882812e+02, 2.8326354980468750e+02,
       3.5978903198242188e+02, 2.8403115844726562e+02,
       3.2441253662109375e+02, 2.8496759033203125e+02,
       2.8829766845703125e+02, 2.8587457275390625e+02,
       2.5117982482910156e+02, 2.8675811767578125e+02,
       2.1345132446289062e+02, 2.8780050659179688e+02,
       1.7479595947265625e+02, 2.8876354980468750e+02,
       1.3557745361328125e+02, 2.8981954956054688e+02,
       3.8734759521484375e+02, 2.5431658935546875e+02,
       3.5346484375000000e+02, 2.5477293395996094e+02,
       3.1911547851562500e+02, 2.5524670410156250e+02,
       2.8359542846679688e+02, 2.5576655578613281e+02,
       2.4771235656738281e+02, 2.5635717773437500e+02,
       2.1077427673339844e+02, 2.5709899902343750e+02,
       1.7346623229980469e+02, 2.5765914916992188e+02,
       1.3507789611816406e+02, 2.5843618774414062e+02,
       3.8045870971679688e+02, 2.2666259765625000e+02,
       3.4768917846679688e+02, 2.2702447509765625e+02,
       3.1368270874023438e+02, 2.2722399902343750e+02,
       2.7949273681640625e+02, 2.2731234741210938e+02,
       2.4412979125976562e+02, 2.2764683532714844e+02,
       2.0849316406250000e+02, 2.2806657409667969e+02,
       1.7195071411132812e+02, 2.2846037292480469e+02,
       1.3477821350097656e+02, 2.2876716613769531e+02,
       3.7424127197265625e+02, 2.0069438171386719e+02,
       3.4195281982421875e+02, 2.0081411743164062e+02,
       3.0899075317382812e+02, 2.0059434509277344e+02,
       2.7522149658203125e+02, 2.0049804687500000e+02,
       2.4121978759765625e+02, 2.0042082214355469e+02,
       2.0620170593261719e+02, 2.0053485107421875e+02,
       1.7066754150390625e+02, 2.0056158447265625e+02,
       1.3445390319824219e+02, 2.0083128356933594e+02 ] }
   - { points:[ 3.9581420898437500e+02, 3.1275448608398438e+02,
       3.6131826782226562e+02, 3.1638827514648438e+02,
       3.2585980224609375e+02, 3.1997656250000000e+02,
       2.8959591674804688e+02, 3.2350875854492188e+02,
       2.5263893127441406e+02, 3.2715417480468750e+02,
       2.1467816162109375e+02, 3.3058584594726562e+02,
       1.7618727111816406e+02, 3.3431594848632812e+02,
       1.3685266113281250e+02, 3.3772665405273438e+02,
       3.9874890136718750e+02, 2.8127331542968750e+02,
       3.6359826660156250e+02, 2.8450015258789062e+02,
       3.2740997314453125e+02, 2.8770486450195312e+02,
       2.9037387084960938e+02, 2.9108178710937500e+02,
       2.5245704650878906e+02, 2.9448141479492188e+02,
       2.1370556640625000e+02, 2.9753387451171875e+02,
       1.7428173828125000e+02, 3.0089590454101562e+02,
       1.3403648376464844e+02, 3.0438284301757812e+02,
       4.0198150634765625e+02, 2.4832556152343750e+02,
       3.6594778442382812e+02, 2.5111659240722656e+02,
       3.2910235595703125e+02, 2.5398394775390625e+02,
       2.9111700439453125e+02, 2.5702343750000000e+02,
       2.5239385986328125e+02, 2.5996206665039062e+02,
       2.1279441833496094e+02, 2.6285867309570312e+02,
       1.7229687500000000e+02, 2.6600369262695312e+02,
       1.3120846557617188e+02, 2.6894360351562500e+02,
       4.0521078491210938e+02, 2.1365174865722656e+02,
       3.6842453002929688e+02, 2.1628222656250000e+02,
       3.3063262939453125e+02, 2.1863243103027344e+02,
       2.9195431518554688e+02, 2.2131018066406250e+02,
       2.5235229492187500e+02, 2.2400933837890625e+02,
       2.1183729553222656e+02, 2.2652447509765625e+02,
       1.7040457153320312e+02, 2.2911198425292969e+02,
       1.2810142517089844e+02, 2.3176557922363281e+02,
       4.0840093994140625e+02, 1.7766789245605469e+02,
       3.7104827880859375e+02, 1.7972702026367188e+02,
       3.3239544677734375e+02, 1.8183686828613281e+02,
       2.9291464233398438e+02, 1.8404328918457031e+02,
       2.5226496887207031e+02, 1.8627070617675781e+02,
       2.1080305480957031e+02, 1.8837226867675781e+02,
       1.6840824890136719e+02, 1.9055278015136719e+02,
       1.2516378021240234e+02, 1.9306797790527344e+02 ] }
   - { points:[ 4.0087039184570312e+02, 2.8980487060546875e+02,
       3.6701144409179688e+02, 2.8856954956054688e+02,
       3.3417758178710938e+02, 2.8721838378906250e+02,
       3.0238989257812500e+02, 2.8614962768554688e+02,
       2.7157812500000000e+02, 2.8481579589843750e+02,
       2.4164822387695312e+02, 2.8348919677734375e+02,
       2.1286737060546875e+02, 2.8229782104492188e+02,
       1.8473242187500000e+02, 2.8102163696289062e+02,
       3.9992739868164062e+02, 2.5500630187988281e+02,
       3.6598825073242188e+02, 2.5431985473632812e+02,
       3.3288952636718750e+02, 2.5356361389160156e+02,
       3.0074508666992188e+02, 2.5277938842773438e+02,
       2.6967816162109375e+02, 2.5199641418457031e+02,
       2.3966305541992188e+02, 2.5131129455566406e+02,
