%YAML:1.0
Rotation_Vector: !!opencv-matrix
   rows: 3
   cols: 1
   dt: d
   data: [ 1.1252831030749032e-01, -2.3945917166564253e-02,
       3.8238540920495508e-02 ]
Rotation_Matrix: !!opencv-matrix
   rows: 3
   cols: 3
   dt: d
   data: [ 9.9898344955820906e-01, -3.9490584066534176e-02,
       -2.1738474621396088e-02, 3.6799289328422816e-02,
       9.9294624283943622e-01, -1.1271011993592436e-01,
       2.6036125166854447e-02, 1.1179558399655787e-01,
       9.9339008832641595e-01 ]
Translation_Vector: !!opencv-matrix
   rows: 3
   cols: 1
   dt: d
   data: [ -2.8773644484091049e-01, -5.7649432610099636e+00,
       9.1102897050673839e+00 ]
OpenGL_Mat:
   - { row:[ 9.9898344278335571e-01, 3.6799289286136627e-02,
       2.6036124676465988e-02, 0. ] }
   - { row:[ -3.9490584284067154e-02, 9.9294626712799072e-01,
       1.1179558187723160e-01, 0. ] }
   - { row:[ -2.1738475188612938e-02, -1.1271011829376221e-01,
       9.9339008331298828e-01, 0. ] }
   - { row:[ -2.8773644566535950e-01, -5.7649431228637695e+00,
       9.1102895736694336e+00, 1. ] }
