%YAML:1.0
Rotation_Vector: !!opencv-matrix
   rows: 3
   cols: 1
   dt: d
   data: [ 2.7447289029341768e-02, -9.2342790649758227e-02,
       8.5118522958197093e-03 ]
Rotation_Matrix: !!opencv-matrix
   rows: 3
   cols: 3
   dt: d
   data: [ 9.9570352899915093e-01, -9.7648821474388778e-03,
       -9.2082188371495857e-02, 7.2322977438640957e-03,
       9.9958741907048132e-01, -2.7797221180509060e-02,
       9.2315633605479383e-02, 2.7011825422593578e-02,
       9.9536334324675535e-01 ]
Translation_Vector: !!opencv-matrix
   rows: 3
   cols: 1
   dt: d
   data: [ 1.6161585325035368e+00, -4.4347375918215839e+00,
       -4.9423513490227493e-02 ]
OpenGL_Mat:
   - { row:[ 9.9570351839065552e-01, 7.2322976775467396e-03,
       9.2315636575222015e-02, 0. ] }
   - { row:[ -9.7648818045854568e-03, 9.9958741664886475e-01,
       2.7011824771761894e-02, 0. ] }
   - { row:[ -9.2082187533378601e-02, -2.7797220274806023e-02,
       9.9536335468292236e-01, 0. ] }
   - { row:[ 1.6161584854125977e+00, -4.4347376823425293e+00,
       -4.9423512071371078e-02, 1. ] }
