%YAML:1.0
Rotation_Vector: !!opencv-matrix
   rows: 3
   cols: 1
   dt: d
   data: [ 1.3714195064027684e-01, 5.9069582978238465e-02,
       3.2452154258839287e-02 ]
Rotation_Matrix: !!opencv-matrix
   rows: 3
   cols: 3
   dt: d
   data: [ 9.9773323697434968e-01, -2.8283423747481388e-02,
       6.1060918579780916e-02, 3.6368590624733840e-02,
       9.9008877987421795e-01, -1.3565225240722320e-01,
       -5.6619020237520447e-02, 1.3756546044811860e-01,
       9.8887311149562585e-01 ]
Translation_Vector: !!opencv-matrix
   rows: 3
   cols: 1
   dt: d
   data: [ -3.8382855701064222e-01, -5.1131635014356558e+00,
       1.5371758902476169e+00 ]
OpenGL_Mat:
   - { row:[ 9.9773323535919189e-01, 3.6368589848279953e-02,
       -5.6619022041559219e-02, 0. ] }
   - { row:[ -2.8283424675464630e-02, 9.9008876085281372e-01,
       1.3756546378135681e-01, 0. ] }
   - { row:[ 6.1060920357704163e-02, -1.3565225899219513e-01,
       9.8887312412261963e-01, 0. ] }
   - { row:[ -3.8382855057716370e-01, -5.1131634712219238e+00,
       1.5371758937835693e+00, 1. ] }
